--------------FIFO-----------------------
7         [7]                 F
0         [0, 7]              F
1         [1, 0, 7]           F
2         [2, 1, 0]           F
0         [2, 1, 0]           
3         [3, 2, 1]           F
0         [0, 3, 2]           F
4         [4, 0, 3]           F
2         [2, 4, 0]           F
3         [3, 2, 4]           F
0         [0, 3, 2]           F
3         [0, 3, 2]           
2         [0, 3, 2]           
1         [1, 0, 3]           F
2         [2, 1, 0]           F
0         [2, 1, 0]           
1         [2, 1, 0]           
7         [7, 2, 1]           F
0         [0, 7, 2]           F
1         [1, 0, 7]           F
Page Fault = 15  Page Replaces = 12  Page Frames = 3
--------------LRU-----------------------
7         [7]                 F
0         [0, 7]              F
1         [1, 0, 7]           F
2         [2, 1, 0]           F
0         [2, 1, 0]           
3         [3, 2, 0]           F
0         [3, 2, 0]           
4         [4, 3, 0]           F
2         [2, 4, 0]           F
3         [3, 2, 4]           F
0         [0, 3, 2]           F
3         [0, 3, 2]           
2         [0, 3, 2]           
1         [1, 3, 2]           F
2         [1, 3, 2]           
0         [0, 1, 2]           F
1         [0, 1, 2]           
7         [7, 0, 1]           F
0         [7, 0, 1]           
1         [7, 0, 1]           
Page Fault = 12  Page Replaces = 9  Page Frames = 3
--------------LFU-----------------------
7         [7]                 F
0         [0, 7]              F
1         [1, 0, 7]           F
2         [2, 1, 0]           F
0         [2, 1, 0]           
3         [3, 2, 0]           F
0         [3, 2, 0]           
4         [4, 3, 0]           F
2         [2, 4, 0]           F
3         [3, 2, 0]           F
0         [3, 2, 0]           
3         [3, 2, 0]           
2         [3, 2, 0]           
1         [1, 2, 0]           F
2         [1, 2, 0]           
0         [1, 2, 0]           
1         [1, 2, 0]           
7         [7, 2, 0]           F
0         [7, 2, 0]           
1         [1, 2, 0]           F
Page Fault = 11  Page Replaces = 8  Page Frames = 3
--------------MFU-----------------------
7         [7]                 F
0         [0, 7]              F
1         [1, 0, 7]           F
2         [2, 1, 0]           F
0         [2, 1, 0]           
3         [3, 2, 1]           F
0         [0, 3, 2]           F
4         [4, 0, 3]           F
2         [2, 4, 0]           F
3         [3, 2, 4]           F
0         [0, 3, 2]           F
3         [0, 3, 2]           
2         [0, 3, 2]           
1         [1, 0, 2]           F
2         [1, 0, 2]           
0         [1, 0, 2]           
1         [1, 0, 2]           
7         [7, 1, 0]           F
0         [7, 1, 0]           
1         [7, 1, 0]           
Page Fault = 12  Page Replaces = 9  Page Frames = 3
--------------ARB-----------------------
7         [7]                 F
0         [0, 7]              F
1         [1, 0, 7]           F
2         [2, 1, 0]           F
0         [2, 1, 0]           
3         [3, 2, 0]           F
0         [3, 2, 0]           
4         [4, 3, 0]           F
2         [2, 4, 0]           F
3         [3, 2, 4]           F
0         [0, 3, 2]           F
3         [0, 3, 2]           
2         [0, 3, 2]           
1         [1, 3, 2]           F
2         [1, 3, 2]           
0         [0, 1, 2]           F
1         [0, 1, 2]           
7         [7, 0, 1]           F
0         [7, 0, 1]           
1         [7, 0, 1]           
Page Fault = 12  Page Replaces = 9  Page Frames = 3
--------------SC-----------------------
7         [7]                 F
0         [0, 7]              F
1         [1, 0, 7]           F
2         [2, 1, 0]           F
0         [2, 1, 0]           
3         [3, 2, 0]           F
0         [3, 2, 0]           
4         [4, 3, 2]           F
2         [4, 3, 2]           
3         [4, 3, 2]           
0         [0, 4, 3]           F
3         [0, 4, 3]           
2         [2, 0, 3]           F
1         [1, 2, 0]           F
2         [1, 2, 0]           
0         [1, 2, 0]           
1         [1, 2, 0]           
7         [7, 1, 2]           F
0         [0, 7, 1]           F
1         [0, 7, 1]           
Page Fault = 11  Page Replaces = 8  Page Frames = 3
