--------------FIFO-----------------------
1         [1]                 F
2         [2, 1]              F
3         [3, 2, 1]           F
4         [4, 3, 2]           F
1         [1, 4, 3]           F
2         [2, 1, 4]           F
5         [5, 2, 1]           F
1         [5, 2, 1]           
2         [5, 2, 1]           
3         [3, 5, 2]           F
4         [4, 3, 5]           F
5         [4, 3, 5]           
Page Fault = 9  Page Replaces = 6  Page Frames = 3
--------------LRU-----------------------
1         [1]                 F
2         [2, 1]              F
3         [3, 2, 1]           F
4         [4, 3, 2]           F
1         [1, 4, 3]           F
2         [2, 1, 4]           F
5         [5, 2, 1]           F
1         [5, 2, 1]           
2         [5, 2, 1]           
3         [3, 2, 1]           F
4         [4, 3, 2]           F
5         [5, 4, 3]           F
Page Fault = 10  Page Replaces = 7  Page Frames = 3
--------------LFU-----------------------
1         [1]                 F
2         [2, 1]              F
3         [3, 2, 1]           F
4         [4, 3, 2]           F
1         [1, 4, 3]           F
2         [2, 1, 4]           F
5         [5, 2, 1]           F
1         [5, 2, 1]           
2         [5, 2, 1]           
3         [3, 2, 1]           F
4         [4, 2, 1]           F
5         [5, 2, 1]           F
Page Fault = 10  Page Replaces = 7  Page Frames = 3
--------------MFU-----------------------
1         [1]                 F
2         [2, 1]              F
3         [3, 2, 1]           F
4         [4, 3, 2]           F
1         [1, 4, 3]           F
2         [2, 1, 4]           F
5         [5, 2, 1]           F
1         [5, 2, 1]           
2         [5, 2, 1]           
3         [3, 5, 2]           F
4         [4, 3, 5]           F
5         [4, 3, 5]           
Page Fault = 9  Page Replaces = 6  Page Frames = 3
--------------ARB-----------------------
1         [1]                 F
2         [2, 1]              F
3         [3, 2, 1]           F
4         [4, 3, 2]           F
1         [1, 4, 3]           F
2         [2, 1, 4]           F
5         [5, 2, 1]           F
1         [5, 2, 1]           
2         [5, 2, 1]           
3         [3, 2, 1]           F
4         [4, 3, 2]           F
5         [5, 4, 3]           F
Page Fault = 10  Page Replaces = 7  Page Frames = 3
--------------SC-----------------------
1         [1]                 F
2         [2, 1]              F
3         [3, 2, 1]           F
4         [4, 3, 2]           F
1         [1, 4, 3]           F
2         [2, 1, 4]           F
5         [5, 2, 1]           F
1         [5, 2, 1]           
2         [5, 2, 1]           
3         [3, 5, 2]           F
4         [4, 3, 5]           F
5         [4, 3, 5]           
Page Fault = 9  Page Replaces = 6  Page Frames = 3
